1  
3
4
2
50
0.03 0.03
0.04 0.04
-0.01 -0.01
-0.14 -0.14
-0.14 -0.14
0.07 0.07
0.11 0.11
-0.01 -0.01
-0.09 -0.09
0.13 0.13
7.87 7.87
7.96 7.96
8.06 8.06
7.78 7.78
7.84 7.84
8.14 8.14
8.08 8.08
8.01 8.01
7.99 7.99
7.97 7.97
16.04 16.04
16.08 16.08
16.01 16.01
15.83 15.83
15.79 15.79
16.02 16.02
15.91 15.91
15.92 15.92
15.80 15.80
15.90 15.90
24.09 24.09
24.06 24.06
24.11 24.11
23.88 23.88
24.23 24.23
24.02 24.02
23.92 23.92
24.06 24.06
23.97 23.97
23.89 23.89
32 32
32 32
32 32
32.01 32
32.2 32
32 32
32 32.3
32 32
32 32
32.1 32